rodal;clases;spp;densidad_ha;vol_ha
Rodal2;7,5;ACH;3,33333333333333;0,0173528241277379
Rodal2;7,5;AL;6,66666666666667;0,1355651888866884
Rodal2;7,5;AP;3,33333333333333;0,0410269753455451
Rodal2;7,5;DD;26,66666666666667;0,3347115041458470
Rodal2;7,5;EC;3,33333333333333;0,0173528241277379
Rodal2;7,5;EM;3,33333333333333;0,0994438661851372
Rodal2;7,5;NA;110,00000000000000;2,9226409989480069
Rodal2;7,5;ND;3,33333333333333;0,0940297868580000
Rodal2;7,5;PM;36,66666666666666;0,7383819916666666
Rodal2;7,5;RS;10,00000000000000;0,2241409770338932
Rodal2;7,5;WT;3,33333333333333;0,0276743116646352
Rodal2;12,5;DD;13,33333333333333;0,8292307942852307
Rodal2;12,5;EM;6,66666666666667;0,5013852084993826
Rodal2;12,5;LA;3,33333333333333;0,1302400190525748
Rodal2;12,5;NA;156,66666666666666;14,8315802951231763
Rodal2;12,5;NO;3,33333333333333;0,2481135763280000
Rodal2;12,5;PM;13,33333333333333;0,8413558249999999
Rodal2;12,5;RS;6,66666666666667;0,3035368022415265
Rodal2;17,5;DD;26,66666666666667;4,4897684259419544
Rodal2;17,5;EM;6,66666666666667;1,1126573432739773
Rodal2;17,5;EMC;6,66666666666667;1,1177560856136448
Rodal2;17,5;LH;3,33333333333333;0,6035689854281078
Rodal2;17,5;NA;233,33333333333334;53,2025368421048981
Rodal2;17,5;PM;3,33333333333333;0,4520885874095641
Rodal2;22,5;DD;46,66666666666666;11,7627397780237093
Rodal2;22,5;EM;10,00000000000000;2,7500426530795465
Rodal2;22,5;EMC;6,66666666666667;1,4327405357915668
Rodal2;22,5;LH;3,33333333333333;1,0028624034854083
Rodal2;22,5;NA;173,33333333333334;62,0606262929578634
Rodal2;22,5;NO;3,33333333333333;0,8860661190182456
Rodal2;27,5;DD;10,00000000000000;3,5891662001533224
Rodal2;27,5;EMC;3,33333333333333;1,2974090297852208
Rodal2;27,5;NA;86,66666666666667;44,3304896638887342
Rodal2;32,5;DD;10,00000000000000;5,5895705013472705
Rodal2;32,5;MAI;3,33333333333333;1,6302108006962757
Rodal2;32,5;NA;86,66666666666667;67,5080507194897592
Rodal2;32,5;NO;3,33333333333333;2,6336055730351355
Rodal2;37,5;DD;6,66666666666667;5,5337821606959858
Rodal2;37,5;LH;3,33333333333333;2,4372000765780535
Rodal2;37,5;NA;30,00000000000000;33,9849921505557901
Rodal2;42,5;NA;10,00000000000000;16,0137775115432532
Rodal2;47,5;NA;3,33333333333333;6,9605127539819378
