rodal;clases;spp;densidad_ha;vol_ha
Rodal1;7,5;AL;6,66666666666667;0,1218958000000000
Rodal1;7,5;DD;20,00000000000000;0,3274480333333333
Rodal1;7,5;LP;6,66666666666667;0,0298928833333333
Rodal1;7,5;MP;6,66666666666667;0,2129820833333333
Rodal1;7,5;NA;280,00000000000000;6,6304626203200003
Rodal1;7,5;NO;60,00000000000000;2,7249899942226663
Rodal1;7,5;RS;6,66666666666667;0,0870216666666667
Rodal1;7,5;WT;6,66666666666667;0,0678220833333333
Rodal1;12,5;DD;66,66666666666667;4,2460476166666661
Rodal1;12,5;EC;13,33333333333333;0,9153433666666665
Rodal1;12,5;NA;240,00000000000000;20,5299364296853319
Rodal1;12,5;NO;86,66666666666667;8,5531393330253334
Rodal1;12,5;WT;6,66666666666667;0,3421102000000000
Rodal1;17,5;DD;6,66666666666667;1,1937055859116736
Rodal1;17,5;NA;166,66666666666666;37,2195177404860118
Rodal1;17,5;NO;40,00000000000000;7,0903819429835018
Rodal1;17,5;WT;6,66666666666667;1,1499185934808018
Rodal1;22,5;DD;13,33333333333333;3,1584024703789368
Rodal1;22,5;NA;73,33333333333333;25,8103702890161237
Rodal1;22,5;NO;80,00000000000000;24,7812326226249802
Rodal1;27,5;DD;6,66666666666667;2,1908337381156424
Rodal1;27,5;NA;6,66666666666667;4,0103006613141448
Rodal1;27,5;NO;73,33333333333333;36,7705919702548911
Rodal1;32,5;NA;20,00000000000000;14,0649102748572545
Rodal1;32,5;NO;40,00000000000000;27,9591242185431419
Rodal1;37,5;NA;6,66666666666667;7,3658346589412877
Rodal1;37,5;NO;33,33333333333334;34,2746209574593976
Rodal1;42,5;NO;6,66666666666667;8,5921453309781750
Rodal1;47,5;NO;20,00000000000000;36,8217525777941290
Rodal1;52,5;NO;13,33333333333333;34,2631068344091929
Rodal1;57,5;NO;6,66666666666667;21,6474949218042347
Rodal1;62,5;NA;6,66666666666667;23,9056225307341172
Rodal1;62,5;ND;6,66666666666667;21,2417800333333311
